training_error:0.025000
testing_error:0.033333
w_of_setosa:-0.04307694649045235, 0.4882050891825793, -0.9387179643269679, -0.43435898216348406, 
b_of_setosa: 1.421615
support_vector_indices_of_setosa: 13, 31, 34, 
w_of_versicolor: -0.15228426789115657, 0.13536379368102813, -0.490693752093727, -0.23688663894179923, 
b_of_versicolor: 2.289340
support_vector_indices_of_versicolor: 43, 46, 48, 50, 52, 56, 57, 58, 63, 64, 66, 78, 
w_of_virginica: 0.34650662706057034, 0.40290808148399293, -1.9019249716636892, -1.7746136177269882, 
b_of_virginica: 8.973701
support_vector_indices_of_virginica: 80, 89, 91, 93, 96, 97, 103, 104, 108, 112, 116, 119, 
