training_error:0.016667
testing_error:0.033333
w_of_setosa:-0.06496522369062463, 0.4438764442560663, -0.847429864356716, -0.3895110868151965, 
b_of_setosa: 1.490184
support_vector_indices_of_setosa: 13, 14, 31, 34, 
w_of_versicolor: -0.15228426789115657, 0.13536379368102813, -0.490693752093727, -0.23688663894179923, 
b_of_versicolor: 2.289340
support_vector_indices_of_versicolor: 43, 46, 48, 50, 52, 53, 56, 57, 58, 63, 64, 65, 66, 71, 73, 78, 
w_of_virginica: 0.18089993794872328, 0.48747914902935463, -1.763973070428488, -1.5621223817993304, 
b_of_virginica: 8.694342
support_vector_indices_of_virginica: 80, 83, 89, 91, 93, 96, 97, 103, 104, 108, 112, 116, 117, 119, 
