training_error:0.025000
testing_error:0.033333
w_of_setosa:-0.14709215385698204, 0.35087697165863063, -0.7189940004257296, -0.3420055299780925, 
b_of_setosa: 1.892130
support_vector_indices_of_setosa: 10, 13, 14, 15, 31, 34, 
w_of_versicolor: -0.15360322226233802, 0.11058593459008659, -0.48024710009784577, -0.2207520412128427, 
b_of_versicolor: 2.345243
support_vector_indices_of_versicolor: 40, 41, 43, 44, 45, 46, 48, 50, 52, 53, 54, 55, 56, 57, 58, 59, 63, 64, 65, 66, 67, 70, 71, 73, 77, 78, 
w_of_virginica: -0.09176465640249098, 0.08722690842768177, -1.1055461831446358, -0.8989915648301734, 
b_of_virginica: 7.220857
support_vector_indices_of_virginica: 80, 81, 83, 84, 86, 89, 91, 93, 96, 97, 103, 104, 107, 108, 109, 111, 112, 115, 116, 117, 119, 
