training_error:0.016667
testing_error:0.000000
w_of_setosa:-0.046258538085542256, 0.5211827995531007, -1.0030446153124941, -0.4641297849669344, 
b_of_setosa: 1.452844
support_vector_indices_of_setosa: 13, 31, 34, 
w_of_versicolor: -0.15228426789115657, 0.13536379368102813, -0.490693752093727, -0.23688663894179923, 
b_of_versicolor: 2.289340
support_vector_indices_of_versicolor: 50, 52, 57, 63, 78, 
w_of_virginica: 4.264086882816628, 6.192174636991695, -8.641446592053398, -12.560510518902447, 
b_of_virginica: 19.189122
support_vector_indices_of_virginica: 97, 99, 103, 108, 
