training_error:0.025000
testing_error:0.033333
w_of_setosa:-0.03774433237750596, 0.44182185237247373, -0.8546210342549705, -0.38840805084689123, 
b_of_setosa: 1.381307
support_vector_indices_of_setosa: 13, 31, 34, 
w_of_versicolor: -0.15228426789115657, 0.13536379368102813, -0.490693752093727, -0.23688663894179923, 
b_of_versicolor: 2.289340
support_vector_indices_of_versicolor: 43, 46, 48, 50, 52, 56, 57, 58, 63, 64, 65, 66, 73, 78, 
w_of_virginica: 0.3094407152611751, 0.46272328421007813, -1.8243384020782614, -1.7319687738659066, 
b_of_virginica: 8.550720
support_vector_indices_of_virginica: 80, 89, 91, 93, 96, 97, 103, 104, 108, 112, 116, 117, 119, 
