training_error:0.025000
testing_error:0.033333
b_of_setosa: 1.295799
support_vector_indices_of_setosa: 13, 14, 31, 34, 
b_of_versicolor: 1.591521
support_vector_indices_of_versicolor: 43, 46, 48, 50, 52, 56, 57, 58, 63, 64, 65, 66, 73, 78, 
b_of_virginica: 5.729303
support_vector_indices_of_virginica: 80, 83, 89, 91, 93, 96, 97, 103, 108, 112, 116, 119, 
