training_error:0.016667
testing_error:0.033333
w_of_setosa:-0.045039636777182146, 0.44386064770472555, -0.8540825367658524, -0.38378961585756205, 
b_of_setosa: 1.406801
support_vector_indices_of_setosa: 13, 14, 31, 34, 
w_of_versicolor: -0.15228426789115657, 0.13536379368102813, -0.490693752093727, -0.23688663894179923, 
b_of_versicolor: 2.289340
support_vector_indices_of_versicolor: 43, 46, 48, 50, 52, 56, 57, 58, 63, 64, 65, 66, 71, 73, 78, 
w_of_virginica: 0.20245904811114457, 0.43802890670065153, -1.8165521928971415, -1.638034260604023, 
b_of_virginica: 9.091808
support_vector_indices_of_virginica: 80, 89, 91, 93, 96, 97, 103, 104, 108, 112, 116, 117, 119, 
