training_error:0.016667
testing_error:0.033333
w_of_setosa:-0.08461491940959265, 0.4452659076269341, -0.8404228999803351, -0.39549567986979894, 
b_of_setosa: 1.567953
support_vector_indices_of_setosa: 13, 14, 31, 34, 
w_of_versicolor: -0.15228426789115657, 0.13536379368102813, -0.490693752093727, -0.23688663894179923, 
b_of_versicolor: 2.289340
support_vector_indices_of_versicolor: 43, 46, 48, 50, 52, 53, 56, 57, 58, 63, 64, 65, 66, 67, 71, 73, 78, 
w_of_virginica: 0.12864428210513168, 0.42231488821646934, -1.5263467916532356, -1.346810447700804, 
b_of_virginica: 7.685070
support_vector_indices_of_virginica: 80, 81, 83, 89, 91, 93, 96, 97, 103, 104, 108, 111, 112, 116, 117, 119, 
