training_error:0.025000
testing_error:0.033333
w_of_setosa:-0.046258538085542256, 0.5211827995531007, -1.0030446153124941, -0.4641297849669344, 
b_of_setosa: 1.452844
support_vector_indices_of_setosa: 13, 31, 34, 
w_of_versicolor: -0.15228426789115657, 0.13536379368102813, -0.490693752093727, -0.23688663894179923, 
b_of_versicolor: 2.289340
support_vector_indices_of_versicolor: 43, 46, 48, 50, 52, 56, 57, 58, 63, 64, 65, 66, 78, 
w_of_virginica: 0.37786207365237345, 0.39634004281390034, -1.9235171898240253, -1.9758768208981632, 
b_of_virginica: 9.202689
support_vector_indices_of_virginica: 80, 89, 91, 93, 96, 97, 103, 104, 108, 116, 119, 
