training_error:0.025000
testing_error:0.033333
w_of_setosa:-0.15469538060468446, 0.39157525196948617, -0.7651819374495733, -0.35435917518989174, 
b_of_setosa: 1.896421
support_vector_indices_of_setosa: 13, 14, 31, 34, 
w_of_versicolor: -0.15228426789115657, 0.13536379368102813, -0.490693752093727, -0.23688663894179923, 
b_of_versicolor: 2.289340
support_vector_indices_of_versicolor: 43, 45, 46, 48, 50, 52, 53, 55, 56, 57, 58, 59, 63, 64, 65, 66, 67, 71, 73, 78, 
w_of_virginica: 0.07164497321760166, 0.2400000000000002, -1.376031568464544, -1.162193297623472, 
b_of_virginica: 7.457591
support_vector_indices_of_virginica: 80, 81, 83, 89, 91, 93, 96, 97, 103, 104, 107, 108, 111, 112, 116, 117, 119, 
