training_error:0.016667
testing_error:0.033333
b_of_setosa: 0.107936
support_vector_indices_of_setosa: 8, 10, 13, 14, 31, 34, 
b_of_versicolor: -0.013148
support_vector_indices_of_versicolor: 40, 41, 43, 44, 45, 46, 48, 50, 52, 53, 54, 55, 56, 57, 58, 59, 63, 64, 65, 66, 67, 70, 71, 73, 78, 
b_of_virginica: 0.039489
support_vector_indices_of_virginica: 80, 81, 83, 84, 86, 89, 91, 93, 96, 97, 99, 101, 103, 104, 107, 108, 111, 112, 115, 116, 117, 119, 
